$ANSIBLE_VAULT;1.1;AES256
63336133313335376565383266303864353133343061333866643535383565316332306263396263
6136396433396433353432333835363938333730613537630a353466613566356362393436376166
38383631666638363935313833663138633061376339326536616166323731653833613836623031
3764613337636663640a626134633664333734616431383166356236633363346163663139353833
66316164656432346630643937313137336463616461643037636365333933376666626261356530
64643861643933363264633263343938353964633362636133653462633163633263646164366536
65313234633864386438393333623566303738643031396436613230316161326439383530323564
34316533626466633136633963616237316234303263383938666132343761393633656537333365
35663661353930353861643239373636343637306530383337353931313465663830636137336531
62316436653439333235646333346562373539613963653339323463393936623464636561373436
396435366131303364366135636434356537
